time (s)	energy (uJ)	charge (mC)	voltage (mV)	crossing#mod 255
3797.993454	234.646408	0.035724	6.568373	85
3799.025890	237.078186	0.035726	6.635978	86
3800.068178	241.575333	0.035727	6.761615	87
3801.096129	238.565582	0.035726	6.677694	88
3802.142154	241.888031	0.035720	6.771777	89
3803.167437	249.880356	0.035725	6.994641	90
3804.215527	258.648285	0.035728	7.239282	91
3805.238508	265.702454	0.035734	7.435494	92
3806.286290	261.119415	0.035738	7.306529	93
3807.310970	267.458679	0.035723	7.487023	94
3808.358026	269.418701	0.035739	7.538457	95
3809.382105	269.591980	0.035732	7.544837	96
3810.429372	284.983032	0.035728	7.976379	97
3811.455812	281.640961	0.035730	7.882521	98
3812.499487	272.751740	0.035722	7.635333	99
3813.526422	275.912811	0.035734	7.721302	100
3814.575379	300.346100	0.035731	8.405651	101
3815.599485	286.818909	0.035723	8.028862	102
3816.643348	290.847229	0.035734	8.139300	103
3817.673153	300.671326	0.035730	8.415065	104
3818.714510	292.733887	0.035728	8.193329	105
3819.741736	293.192688	0.035726	8.206670	106
3820.788394	299.033051	0.035726	8.370224	107
3821.814068	310.802185	0.035723	8.700301	108
3822.859441	310.284241	0.035724	8.685617	109
3823.885643	311.771576	0.035730	8.725697	110
3824.932171	315.020935	0.035737	8.814914	111
3825.956459	304.083588	0.035732	8.510159	112
3827.002674	312.536652	0.035732	8.746778	113
3828.030401	448.645233	0.035724	12.558756	114
3829.074064	322.396484	0.035729	9.023383	115
3830.104205	333.614746	0.035736	9.335651	116
3831.145594	332.389618	0.035731	9.302515	117
3832.177710	341.126709	0.035730	9.547426	118
3833.215689	342.843384	0.035732	9.594747	119
3834.250189	339.552338	0.035726	9.504415	120
3835.285509	348.522095	0.035725	9.755606	121
3836.322159	343.264709	0.035726	9.608239	122
3837.359247	349.253204	0.035728	9.775266	123
3838.394979	350.318237	0.035723	9.806509	124
3839.433220	351.236298	0.035720	9.832975	125
3840.464205	355.970184	0.035724	9.964406	126
3841.513394	347.221039	0.035724	9.719618	127
3842.534263	461.272736	0.035731	12.909679	128
3843.579739	370.775391	0.035729	10.377492	129
3844.605839	353.631683	0.035722	9.899474	130
3845.652715	372.964447	0.035734	10.437218	131
3846.678530	472.761505	0.035725	13.233254	132
3847.725177	371.613617	0.035731	10.400209	133
3848.750528	371.612854	0.035749	10.395153	134
3849.798294	381.627563	0.035733	10.679936	135
3850.823433	375.468781	0.035733	10.507652	136
3851.866066	378.244141	0.035731	10.585806	137
3852.896357	381.586823	0.035728	10.680423	138
3853.938623	482.218445	0.035730	13.496195	139
3855.026673	168.405151	0.035718	4.714830	140
3856.010546	380.200378	0.035729	10.641369	141
3857.041674	525.660767	0.035736	14.709721	142
3858.082264	380.408325	0.035721	10.649487	143
3859.113852	395.557678	0.035723	11.073034	144
3860.155456	396.435791	0.035730	11.095373	145
3861.186056	398.821869	0.035725	11.163584	146
3862.229184	397.240234	0.035734	11.116607	147
3863.259647	396.772003	0.035727	11.105814	148
3864.301636	403.151459	0.035727	11.284381	149
3865.331296	404.658203	0.035723	11.327621	150
3866.373458	396.260193	0.035732	11.089874	151
3867.402380	399.278870	0.035723	11.177100	152
3868.447267	411.571045	0.035724	11.520762	153
3869.474725	414.794586	0.035726	11.610591	154
3870.518731	415.826080	0.035732	11.637373	155
3871.548359	414.033691	0.035721	11.590641	156
3872.591627	412.205444	0.035728	11.537248	157
3873.619944	417.413483	0.035726	11.683857	158
3874.663766	409.034119	0.035725	11.449468	159
3875.694806	412.324890	0.035727	11.540983	160
3876.734111	480.617706	0.035735	13.449632	161
3877.768555	411.221802	0.035725	11.510690	162
3878.805966	406.515991	0.035719	11.380941	163
3879.843099	477.889404	0.035732	13.374131	164
3880.879340	401.940887	0.035726	11.250736	165
3882.951353	394.094147	0.035723	11.031864	167
3883.987140	402.513000	0.035729	11.265854	168
3885.027457	393.002594	0.035726	11.000400	169
3886.058998	402.054016	0.035724	11.254571	170
3887.099527	397.499969	0.035730	11.125034	171
3888.130468	407.099731	0.035739	11.390944	172
3889.172488	396.138977	0.035730	11.087124	173
3890.203852	397.818848	0.035724	11.135983	174
3891.246122	395.444733	0.035727	11.068538	175
3892.275459	392.261261	0.035720	10.981596	176
3893.318963	396.519379	0.035722	11.099997	177
3894.349060	394.955658	0.035720	11.057034	178
3895.391770	398.904602	0.035727	11.165202	179
3896.422421	389.258362	0.035725	10.895915	180
3897.465156	390.976685	0.035726	10.943718	181
3898.494737	397.130005	0.035735	11.113139	182
3899.538430	392.582367	0.035732	10.986850	183
3900.567465	384.807770	0.035727	10.770922	184
3901.610803	380.270264	0.035728	10.643534	185
3902.642704	477.684418	0.035727	13.370360	186
3903.684782	477.795532	0.035733	13.371415	187
3904.714345	390.655182	0.035730	10.933538	188
3905.756564	389.450043	0.035730	10.899880	189
3906.788211	382.818237	0.035727	10.715056	190
3907.830391	390.503571	0.035733	10.928471	191
3908.860598	384.743286	0.035722	10.770464	192
3909.903674	379.407135	0.035717	10.622513	193
3910.934376	386.364471	0.035731	10.813148	194
3911.976152	382.029449	0.035724	10.693849	195
3913.008493	382.131989	0.035733	10.694239	196
3914.049740	375.462433	0.035727	10.509330	197
3915.082333	477.757507	0.035735	13.369591	198
3916.125714	350.477051	0.035731	9.808846	199
3917.156567	377.235474	0.035735	10.556499	200
3918.195134	370.380707	0.035735	10.364542	201
3919.231362	361.297729	0.035734	10.110753	202
3920.267937	363.161163	0.035730	10.164153	203
3921.302979	374.137695	0.035728	10.471722	204
3922.340353	364.924133	0.035733	10.212623	205
3923.376295	379.322357	0.035723	10.618364	206
3924.415513	363.141418	0.035731	10.163270	207
3925.453031	353.852509	0.035735	9.902057	208
3926.488556	357.057159	0.035721	9.995781	209
3927.524302	356.937500	0.035728	9.990518	210
3928.562659	353.833923	0.035732	9.902324	211
3929.597123	357.630005	0.035726	10.010374	212
3930.636512	352.717682	0.035731	9.871584	213
3931.669771	354.045715	0.035723	9.910800	214
3932.709938	353.574738	0.035724	9.897511	215
