crossing time (s)	slope (V/s)	crossing number
281474976710655.000000	24.682165	3708	4110454272.000000
281474976710655.000000	36.615112	3709	4111493888.000000
281474976710655.000000	19.079802	3710	4112524544.000000
281474976710655.000000	32.607990	3711	4113568256.000000
281474976710655.000000	25.988756	3712	4114596352.000000
281474976710655.000000	41.360653	3713	4115639296.000000
281474976710655.000000	25.265429	3714	4116666624.000000
281474976710655.000000	26.634024	3715	4117713152.000000
281474976710655.000000	55.262856	3716	4118738176.000000
281474976710655.000000	27.391317	3717	4119784960.000000
281474976710655.000000	27.103964	3718	4120809728.000000
281474976710655.000000	27.896385	3719	4121856768.000000
281474976710655.000000	27.421284	3720	4122882560.000000
281474976710655.000000	30.507162	3721	4123929344.000000
281474976710655.000000	30.452806	3722	4124954624.000000
281474976710655.000000	60.905334	3723	4126000384.000000
281474976710655.000000	31.591053	3724	4127026688.000000
281474976710655.000000	30.867702	3725	4128073216.000000
281474976710655.000000	29.998575	3726	4129099264.000000
281474976710655.000000	33.871300	3727	4130144512.000000
281474976710655.000000	32.455997	3728	4131171328.000000
281474976710655.000000	65.297760	3729	4132216320.000000
281474976710655.000000	16.793461	3730	4133243392.000000
281474976710655.000000	34.014622	3731	4134288896.000000
281474976710655.000000	68.652580	3732	4135315968.000000
281474976710655.000000	34.557343	3733	4136360448.000000
281474976710655.000000	34.334743	3734	4137388032.000000
281474976710655.000000	35.669827	3735	4138432256.000000
281474976710655.000000	23.676254	3736	4139460864.000000
281474976710655.000000	18.784613	3737	4140503808.000000
281474976710655.000000	36.427032	3738	4141533440.000000
281474976710655.000000	Inf	3739	4142575616.000000
281474976710655.000000	38.559944	3740	4143607040.000000
281474976710655.000000	Inf	3741	4144647424.000000
281474976710655.000000	26.654110	3742	4145680128.000000
281474976710655.000000	39.765026	3743	4146718208.000000
281474976710655.000000	20.222225	3744	4147753216.000000
281474976710655.000000	42.828667	3745	4148790784.000000
281474976710655.000000	27.673824	3746	4149826048.000000
281474976710655.000000	20.972427	3747	4150862336.000000
281474976710655.000000	27.611816	3748	4151897344.000000
281474976710655.000000	40.903683	3749	4152935680.000000
281474976710655.000000	43.269814	3750	4153968896.000000
281474976710655.000000	21.864811	3751	4155009536.000000
281474976710655.000000	44.267174	3752	4156040192.000000
281474976710655.000000	Inf	3753	4157082880.000000
281474976710655.000000	45.303581	3754	4158112256.000000
281474976710655.000000	46.213432	3755	4159155968.000000
281474976710655.000000	Inf	3756	4160183808.000000
281474976710655.000000	Inf	3757	4161228544.000000
281474976710655.000000	Inf	3758	4162256128.000000
281474976710655.000000	Inf	3759	4163301120.000000
281474976710655.000000	24.840078	3760	4164328704.000000
281474976710655.000000	Inf	3761	4165373440.000000
281474976710655.000000	49.696201	3762	4166401536.000000
281474976710655.000000	Inf	3763	4167445760.000000
281474976710655.000000	48.497215	3764	4168474112.000000
281474976710655.000000	Inf	3765	4169518336.000000
281474976710655.000000	51.100685	3766	4170546432.000000
281474976710655.000000	Inf	3767	4171590912.000000
281474976710655.000000	Inf	3768	4172619264.000000
281474976710655.000000	Inf	3769	4173663744.000000
281474976710655.000000	54.968666	3770	4174692352.000000
281474976710655.000000	56.477493	3771	4175736576.000000
281474976710655.000000	Inf	3772	4176764672.000000
281474976710655.000000	57.255344	3773	4177809152.000000
281474976710655.000000	56.461376	3774	4178837760.000000
281474976710655.000000	Inf	3775	4179881984.000000
281474976710655.000000	58.458771	3776	4180910592.000000
281474976710655.000000	Inf	3777	4181954048.000000
281474976710655.000000	59.043053	3778	4182984704.000000
281474976710655.000000	Inf	3779	4184026112.000000
281474976710655.000000	59.296227	3780	4185058048.000000
281474976710655.000000	Inf	3781	4186097920.000000
281474976710655.000000	Inf	3782	4187131648.000000
281474976710655.000000	30.399559	3783	4188170240.000000
281474976710655.000000	Inf	3784	4189205504.000000
281474976710655.000000	63.630169	3785	4190242560.000000
281474976710655.000000	64.907433	3786	4191278592.000000
281474976710655.000000	Inf	3787	4192315392.000000
281474976710655.000000	Inf	3788	4193351680.000000
281474976710655.000000	Inf	3789	4194388736.000000
281474976710655.000000	Inf	3790	4195424256.000000
281474976710655.000000	Inf	3791	4196462080.000000
281474976710655.000000	66.261002	3792	4197496576.000000
281474976710655.000000	Inf	3793	4198535936.000000
281474976710655.000000	Inf	3794	4199569152.000000
281474976710655.000000	Inf	3795	4200609792.000000
281474976710655.000000	Inf	3796	4201641728.000000
281474976710655.000000	Inf	3797	4202683392.000000
281474976710655.000000	69.456017	3798	4203714304.000000
281474976710655.000000	Inf	3799	4204756736.000000
281474976710655.000000	Inf	3800	4205787392.000000
281474976710655.000000	72.398148	3801	4206830336.000000
281474976710655.000000	72.503731	3802	4207860480.000000
281474976710655.000000	Inf	3803	4208903424.000000
281474976710655.000000	Inf	3804	4209933824.000000
281474976710655.000000	Inf	3805	4210976768.000000
281474976710655.000000	Inf	3806	4212006912.000000
281474976710655.000000	75.884781	3807	4213050112.000000
281474976710655.000000	75.342651	3808	4214080256.000000
281474976710655.000000	Inf	3809	4215123712.000000
281474976710655.000000	Inf	3810	4216153600.000000
281474976710655.000000	Inf	3811	4217196800.000000
281474976710655.000000	Inf	3812	4218227200.000000
281474976710655.000000	Inf	3813	4219270144.000000
281474976710655.000000	Inf	3814	4220301056.000000
281474976710655.000000	Inf	3815	4221343488.000000
281474976710655.000000	Inf	3816	4222374912.000000
281474976710655.000000	Inf	3817	4223416320.000000
281474976710655.000000	Inf	3818	4224448768.000000
281474976710655.000000	Inf	3819	4225489664.000000
281474976710655.000000	Inf	3820	4226523136.000000
281474976710655.000000	Inf	3821	4227562496.000000
281474976710655.000000	Inf	3822	4228597248.000000
281474976710655.000000	Inf	3823	4229635328.000000
281474976710655.000000	Inf	3824	4230671360.000000
281474976710655.000000	Inf	3825	4231708416.000000
281474976710655.000000	Inf	3826	4232744960.000000
281474976710655.000000	Inf	3827	4233781760.000000
281474976710655.000000	Inf	3828	4234818816.000000
281474976710655.000000	Inf	3829	4235855616.000000
281474976710655.000000	Inf	3830	4236892160.000000
281474976710655.000000	42.749763	3831	4237929984.000000
281474976710655.000000	Inf	3832	4238965248.000000
281474976710655.000000	Inf	3833	4240004352.000000
281474976710655.000000	Inf	3834	4241038336.000000
281474976710655.000000	Inf	3835	4242078720.000000
281474976710655.000000	Inf	3836	4243111424.000000
281474976710655.000000	Inf	3837	4244152832.000000
281474976710655.000000	Inf	3838	4245184768.000000
281474976710655.000000	Inf	3839	4246226944.000000
281474976710655.000000	Inf	3840	4247258368.000000
281474976710655.000000	Inf	3841	4248300544.000000
281474976710655.000000	Inf	3842	4249332224.000000
281474976710655.000000	Inf	3843	4250374656.000000
281474976710655.000000	94.472275	3844	4251405824.000000
281474976710655.000000	Inf	3845	4252448512.000000
