crossing time (s)	slope (V/s)	crossing number
281474976710655.000000	15.307167	3886	4301630464.000000
281474976710655.000000	20.839705	3887	4302669824.000000
281474976710655.000000	16.544161	3888	4303700480.000000
281474976710655.000000	18.702534	3889	4304742400.000000
281474976710655.000000	21.964363	3890	4305770496.000000
281474976710655.000000	21.469992	3891	4306815488.000000
281474976710655.000000	16.549162	3892	4307839488.000000
281474976710655.000000	20.544285	3893	4308887040.000000
281474976710655.000000	20.509666	3894	4309910016.000000
281474976710655.000000	20.962955	3895	4310958592.000000
281474976710655.000000	23.511951	3896	4311982080.000000
281474976710655.000000	21.650698	3897	4313029632.000000
281474976710655.000000	17.870972	3898	4314052096.000000
281474976710655.000000	16.203846	3899	4315100672.000000
281474976710655.000000	33.031727	3900	4316123648.000000
281474976710655.000000	20.645107	3901	4317172224.000000
281474976710655.000000	22.349085	3902	4318194688.000000
281474976710655.000000	24.323021	3903	4319242752.000000
281474976710655.000000	22.550608	3904	4320265216.000000
281474976710655.000000	23.344666	3905	4321313792.000000
281474976710655.000000	34.887905	3906	4322336768.000000
281474976710655.000000	14.920777	3907	4323385344.000000
281474976710655.000000	36.055664	3908	4324407808.000000
281474976710655.000000	18.478258	3909	4325455872.000000
281474976710655.000000	36.990929	3910	4326478848.000000
281474976710655.000000	23.465244	3911	4327527936.000000
281474976710655.000000	22.600821	3912	4328550912.000000
281474976710655.000000	36.713287	3913	4329598464.000000
281474976710655.000000	24.463402	3914	4330621952.000000
281474976710655.000000	15.832452	3915	4331668480.000000
281474976710655.000000	23.584206	3916	4332694528.000000
281474976710655.000000	36.515369	3917	4333738496.000000
281474976710655.000000	17.712355	3918	4334767104.000000
281474976710655.000000	18.883865	3919	4335808000.000000
281474976710655.000000	24.072250	3920	4336839168.000000
281474976710655.000000	25.945919	3921	4337878016.000000
281474976710655.000000	24.653177	3922	4338911744.000000
281474976710655.000000	24.721289	3923	4339948032.000000
281474976710655.000000	24.464233	3924	4340983808.000000
281474976710655.000000	24.906874	3925	4342020096.000000
281474976710655.000000	24.167526	3926	4343054336.000000
281474976710655.000000	26.835564	3927	4344092160.000000
281474976710655.000000	17.033367	3928	4345125376.000000
281474976710655.000000	25.615147	3929	4346163712.000000
281474976710655.000000	19.443193	3930	4347196416.000000
281474976710655.000000	33.038391	3931	4348235264.000000
281474976710655.000000	19.742407	3932	4349266944.000000
281474976710655.000000	26.261942	3933	4350307328.000000
281474976710655.000000	17.717098	3934	4351337472.000000
281474976710655.000000	26.513111	3935	4352379392.000000
281474976710655.000000	25.929501	3936	4353407488.000000
281474976710655.000000	40.656273	3937	4354451456.000000
281474976710655.000000	20.176674	3938	4355478528.000000
281474976710655.000000	28.854345	3939	4356523008.000000
281474976710655.000000	20.611307	3940	4357549568.000000
281474976710655.000000	26.629044	3941	4358594560.000000
281474976710655.000000	26.857014	3942	4359620608.000000
281474976710655.000000	26.801012	3943	4360666624.000000
281474976710655.000000	18.182119	3944	4361691648.000000
281474976710655.000000	27.379677	3945	4362737664.000000
281474976710655.000000	18.812485	3946	4363763200.000000
281474976710655.000000	27.405630	3947	4364808704.000000
281474976710655.000000	18.792545	3948	4365834752.000000
281474976710655.000000	27.839933	3949	4366879744.000000
281474976710655.000000	21.863598	3950	4367906816.000000
281474976710655.000000	28.372522	3951	4368950784.000000
281474976710655.000000	21.646320	3952	4369978368.000000
281474976710655.000000	28.647022	3953	4371021824.000000
281474976710655.000000	28.727562	3954	4372050432.000000
281474976710655.000000	29.425497	3955	4373092352.000000
281474976710655.000000	19.304514	3956	4374123008.000000
281474976710655.000000	Inf	3957	4375162368.000000
281474976710655.000000	58.046413	3958	4376195584.000000
281474976710655.000000	14.590184	3959	4377233408.000000
281474976710655.000000	30.351349	3960	4378267648.000000
281474976710655.000000	29.196552	3961	4379303424.000000
281474976710655.000000	30.563318	3962	4380339712.000000
281474976710655.000000	29.774750	3963	4381374464.000000
281474976710655.000000	30.261408	3964	4382410752.000000
281474976710655.000000	33.032841	3965	4383446528.000000
281474976710655.000000	29.924900	3966	4384481792.000000
281474976710655.000000	47.074932	3967	4385519104.000000
281474976710655.000000	30.571537	3968	4386552832.000000
281474976710655.000000	31.693466	3969	4387591168.000000
281474976710655.000000	61.517822	3970	4388622848.000000
281474976710655.000000	20.823654	3971	4389663744.000000
281474976710655.000000	30.953598	3972	4390693376.000000
281474976710655.000000	31.821026	3973	4391736320.000000
281474976710655.000000	21.490036	3974	4392763904.000000
281474976710655.000000	32.390820	3975	4393808896.000000
281474976710655.000000	32.634853	3976	4394834432.000000
281474976710655.000000	32.077763	3977	4395880448.000000
281474976710655.000000	32.124992	3978	4396905984.000000
281474976710655.000000	32.840820	3979	4397952000.000000
281474976710655.000000	32.249657	3980	4398977536.000000
281474976710655.000000	33.176994	3981	4400024064.000000
281474976710655.000000	32.665188	3982	4401048576.000000
281474976710655.000000	33.079830	3983	4402095104.000000
281474976710655.000000	32.410282	3984	4403120128.000000
281474976710655.000000	33.995110	3985	4404166656.000000
281474976710655.000000	34.413841	3986	4405192192.000000
281474976710655.000000	33.955818	3987	4406238208.000000
281474976710655.000000	33.684444	3988	4407263744.000000
281474976710655.000000	34.086235	3989	4408309760.000000
281474976710655.000000	17.767136	3990	4409335296.000000
281474976710655.000000	Inf	3991	4410380800.000000
281474976710655.000000	17.935781	3992	4411407360.000000
281474976710655.000000	34.831478	3993	4412451840.000000
281474976710655.000000	17.056171	3994	4413479424.000000
281474976710655.000000	34.664120	3995	4414522880.000000
281474976710655.000000	35.678310	3996	4415552000.000000
281474976710655.000000	17.667782	3997	4416593408.000000
281474976710655.000000	36.092369	3998	4417624064.000000
281474976710655.000000	17.171917	3999	4418664448.000000
281474976710655.000000	17.636421	4000	4419697152.000000
281474976710655.000000	35.687851	4001	4420735488.000000
281474976710655.000000	Inf	4002	4421769728.000000
281474976710655.000000	17.987307	4003	4422806528.000000
281474976710655.000000	36.182957	4004	4423841280.000000
281474976710655.000000	18.773243	4005	4424877568.000000
281474976710655.000000	35.750744	4006	4425913856.000000
281474976710655.000000	Inf	4007	4426949632.000000
281474976710655.000000	Inf	4008	4427984896.000000
281474976710655.000000	36.631748	4009	4429021696.000000
281474976710655.000000	38.103016	4010	4430056448.000000
281474976710655.000000	36.669231	4011	4431094272.000000
281474976710655.000000	25.303865	4012	4432127488.000000
281474976710655.000000	38.772095	4013	4433166336.000000
281474976710655.000000	38.419720	4014	4434199040.000000
281474976710655.000000	Inf	4015	4435238400.000000
281474976710655.000000	19.369574	4016	4436270080.000000
281474976710655.000000	39.806534	4017	4437310976.000000
281474976710655.000000	Inf	4018	4438341632.000000
281474976710655.000000	79.600891	4019	4439383040.000000
281474976710655.000000	38.243660	4020	4440413184.000000
281474976710655.000000	26.678715	4021	4441455104.000000
