time (s)	energy (uJ)	charge (mC)	voltage (mV)	crossing#mod 255
4301.637354	128.033646	0.016598	7.713706	46
4302.677076	132.969528	0.016577	8.021539	47
4303.707417	132.144531	0.016594	7.963481	48
4304.748751	136.303162	0.016593	8.214410	49
4305.777943	137.119263	0.016598	8.261079	50
4306.821959	132.132431	0.016569	7.974810	51
4307.846065	129.564301	0.016568	7.820016	52
4308.893650	133.623642	0.016563	8.067551	53
4309.917223	135.128418	0.016538	8.170691	54
4310.965980	139.083511	0.016576	8.390681	55
4311.988575	139.999039	0.016561	8.453516	56
4313.036514	138.838089	0.016608	8.359804	57
4314.059789	138.800491	0.016581	8.371201	58
4315.106894	143.640732	0.016575	8.666201	59
4316.130002	140.506058	0.016588	8.470411	60
4317.179143	142.701706	0.016604	8.594378	61
4318.202461	142.306519	0.016603	8.571337	62
4319.249733	142.922928	0.016595	8.612587	63
4320.273025	142.703812	0.016598	8.597652	64
4321.320729	143.231430	0.016604	8.626331	65
4322.342944	140.863297	0.016555	8.508595	66
4323.392340	145.384033	0.016574	8.771847	67
4324.415012	141.658997	0.016559	8.554949	68
4325.462841	144.877029	0.016599	8.727824	69
4326.486113	144.145859	0.016584	8.691796	70
4327.533766	146.936798	0.016586	8.859223	71
4328.558679	151.597321	0.016612	9.126036	72
4329.603975	146.321213	0.016587	8.821486	73
4330.629451	146.555389	0.016578	8.840560	74
4331.673327	144.858994	0.016557	8.749179	75
4332.703107	150.956650	0.016579	9.105183	76
4333.745267	152.137802	0.016610	9.159217	77
4334.773648	149.006409	0.016562	8.997059	78
4335.815030	151.958984	0.016604	9.151805	79
4336.845499	144.484436	0.016588	8.710150	80
4337.885065	154.442596	0.016598	9.304809	81
4338.918147	148.466263	0.016582	8.953434	82
4339.954831	153.956604	0.016589	9.280375	83
4340.991852	152.009369	0.016578	9.169375	84
4342.027219	154.683777	0.016591	9.323128	85
4343.061525	165.597427	0.016565	9.996781	86
4344.098570	158.554855	0.016589	9.557620	87
4345.132770	154.864944	0.016567	9.348028	88
4346.170031	159.380157	0.016581	9.612103	89
4347.202638	153.092010	0.016591	9.227179	90
4348.242140	161.520538	0.016615	9.721164	91
4349.273370	157.149429	0.016600	9.467046	92
4350.316359	163.000580	0.016616	9.810067	93
4351.344377	160.023651	0.016571	9.656770	94
4352.385655	160.444824	0.016598	9.666687	95
4353.414872	156.188766	0.016594	9.412464	96
4354.457285	161.170364	0.016588	9.716362	97
4355.486510	163.466309	0.016617	9.837536	98
4356.530759	164.585144	0.016626	9.899097	99
4357.556996	163.965881	0.016624	9.863355	100
4358.595202	156.949478	0.016595	9.457838	101
4359.627644	162.559128	0.016572	9.809329	102
4360.674082	187.810608	0.016589	11.321315	103
4361.698595	164.843704	0.016612	9.923011	104
4362.743299	162.098282	0.016593	9.769118	105
4363.769231	181.739334	0.016615	10.938102	106
4364.816186	165.914856	0.016592	9.999408	107
4365.841675	166.036026	0.016619	9.990665	108
4366.886382	165.458405	0.016574	9.983080	109
4367.912959	184.118240	0.016593	11.096217	110
4368.956645	169.035645	0.016590	10.189006	111
4369.985295	166.916870	0.016569	10.074332	112
4371.029817	174.351288	0.016615	10.493515	113
4372.057926	171.451401	0.016624	10.313185	114
4373.099281	172.269241	0.016613	10.369626	115
4374.129896	171.502670	0.016594	10.335526	116
4375.168669	184.327011	0.016601	11.103668	117
4376.202750	170.069534	0.016596	10.247351	118
4377.241187	177.328506	0.016621	10.668754	119
4378.275574	174.166061	0.016624	10.476539	120
4379.309769	179.320465	0.016576	10.818147	121
4380.346305	173.666931	0.016594	10.465769	122
4381.380338	174.465363	0.016603	10.507856	123
4382.417956	173.978851	0.016604	10.477857	124
4383.454144	183.707825	0.016598	11.068308	125
4384.487566	173.110092	0.016600	10.428180	126
4385.526708	179.352280	0.016595	10.807804	127
4386.559287	178.991425	0.016613	10.774304	128
4387.599070	180.156143	0.016623	10.837471	129
4388.629127	175.384750	0.016604	10.562977	130
4389.669990	180.596634	0.016625	10.863227	131
4390.701474	176.699295	0.016616	10.634407	132
4391.743400	178.948868	0.016575	10.796109	133
4392.769940	193.461487	0.016569	11.675974	134
4393.816250	199.048431	0.016627	11.971139	135
4394.847624	182.182190	0.016612	10.966727	136
4395.887460	181.883102	0.016612	10.949062	137
4396.906940	178.812668	0.016578	10.786450	138
4397.958747	183.492111	0.016600	11.053723	139
4398.985681	187.371826	0.016611	11.279822	140
4400.025993	184.818649	0.016631	11.112786	141
4401.056195	183.811707	0.016635	11.049658	142
4402.101609	181.511566	0.016605	10.931320	143
4403.126148	183.078537	0.016615	11.018774	144
4404.175670	198.019882	0.016624	11.911465	145
4405.199307	187.521698	0.016609	11.290309	146
4406.244427	186.051804	0.016604	11.205332	147
4407.271414	198.849716	0.016628	11.958973	148
4408.316899	186.613632	0.016602	11.240549	149
4409.340971	186.041443	0.016610	11.200642	150
4410.387252	186.218170	0.016611	11.210451	151
4411.414073	201.484573	0.016637	12.110579	152
4412.459238	189.903244	0.016605	11.436382	153
4413.486864	191.184402	0.016625	11.499960	154
4414.531077	192.312454	0.016624	11.568380	155
4415.559562	218.252670	0.016602	13.146467	156
4416.600246	190.804779	0.016626	11.476460	157
4417.631632	190.596100	0.016609	11.475499	158
4418.670747	210.086700	0.016584	12.667931	159
4419.704165	193.060394	0.016626	11.612179	160
4420.743363	192.539093	0.016591	11.604912	161
4421.777784	216.431885	0.016628	13.016501	162
4422.811459	218.076523	0.016582	13.151061	163
4423.847477	190.807358	0.016621	11.480193	164
4424.883725	197.501877	0.016613	11.888215	165
4425.921412	197.064514	0.016632	11.848615	166
4426.955867	198.382660	0.016610	11.943346	167
4427.991279	195.044647	0.016607	11.744830	168
4429.028739	198.509415	0.016616	11.946618	169
4430.062537	197.972992	0.016642	11.896195	170
4431.102113	201.968750	0.016641	12.137096	171
4432.133617	192.459564	0.016614	11.584228	172
4433.172266	221.205688	0.016645	13.289510	173
4434.205787	193.294907	0.016605	11.641040	174
4435.245981	203.121750	0.016640	12.206553	175
4436.277002	200.420319	0.016636	12.047631	176
4437.317505	199.154388	0.016607	11.992130	177
4438.348339	197.498108	0.016605	11.894091	178
4439.391032	201.126770	0.016627	12.096643	179
4440.419395	199.789124	0.016613	12.026411	180
4441.461152	203.164719	0.016614	12.228576	181
