time (s)	energy (uJ)	charge (mC)	voltage (mV)	crossing#mod 255
3227.051463	13.017789	0.035726	0.364379	69
3228.086582	14.253914	0.035732	0.398914	70
3229.127970	14.347104	0.035724	0.401609	71
3230.150891	13.162401	0.035737	0.368316	72
3231.197879	14.265201	0.035724	0.399320	73
3232.228096	14.536468	0.035737	0.406757	74
3233.263283	12.391576	0.035723	0.346884	75
3234.302196	14.780741	0.035731	0.413665	76
3235.339153	13.841425	0.035724	0.387453	77
3236.363985	13.869617	0.035724	0.388248	78
3237.410330	13.934128	0.035724	0.390049	79
3238.440004	15.175173	0.035726	0.424770	80
3239.475285	12.740582	0.035729	0.356592	81
3240.513333	15.039591	0.035725	0.420978	82
3241.548888	15.155336	0.035716	0.424334	83
3242.576352	14.337815	0.035730	0.401277	84
3243.624528	14.096846	0.035724	0.394600	85
3244.648480	14.960548	0.035726	0.418753	86
3245.690053	14.201298	0.035723	0.397545	87
3246.724445	14.919780	0.035722	0.417664	88
3247.760169	7.756991	0.035734	0.217075	89
3248.792338	15.400860	0.035727	0.431071	90
3249.834657	14.657063	0.035721	0.410319	91
3250.859972	14.817322	0.035723	0.414787	92
3251.906220	14.425082	0.035726	0.403774	93
3252.930333	14.498545	0.035729	0.405787	94
3253.976034	13.994594	0.035732	0.391658	95
3255.003667	9.422817	0.035730	0.263723	96
3256.047012	13.274465	0.035737	0.371449	97
3257.076650	15.847456	0.035730	0.443536	98
3258.116186	13.931222	0.035724	0.389967	99
3259.148190	15.579108	0.035726	0.436078	100
3260.185478	13.742199	0.035725	0.384666	101
3261.218608	10.260158	0.035726	0.287186	102
3262.256560	10.920979	0.035722	0.305720	103
3263.289467	15.420430	0.035730	0.431583	104
3264.328048	15.603515	0.035727	0.436747	105
3265.358160	15.392433	0.035729	0.430814	106
3266.401710	13.664462	0.035725	0.382486	107
3267.426853	13.939405	0.035726	0.390176	108
3268.474152	14.630812	0.035726	0.409532	109
3269.496229	14.847675	0.035726	0.415603	110
3270.542374	14.826368	0.035725	0.415010	111
3271.570463	15.075450	0.035726	0.421979	112
3272.611348	13.826389	0.035731	0.386962	113
3273.644676	16.287228	0.035726	0.455888	114
3274.678114	13.477164	0.035733	0.377163	115
3275.715919	16.073454	0.035729	0.449870	116
3276.752715	15.021156	0.035728	0.420434	117
3277.780556	15.478413	0.035725	0.433269	118
3278.826662	15.127213	0.035713	0.423579	119
3279.852618	14.646618	0.035723	0.410008	120
3280.895923	15.825509	0.035724	0.443000	121
3281.926427	16.160116	0.035724	0.452359	122
3282.962109	7.631509	0.035730	0.213591	123
3283.999106	15.510407	0.035733	0.434065	124
3285.036745	15.114488	0.035736	0.422949	125
3286.062995	16.155552	0.035721	0.452275	126
3287.125472	12.800018	0.035728	0.358264	127
3288.133465	15.708606	0.035730	0.439651	128
3289.179335	15.770600	0.035761	0.441000	129
3290.208931	15.999235	0.035730	0.447784	130
3291.246620	14.514905	0.035728	0.406265	131
3292.282630	15.706350	0.035728	0.439607	132
3293.317188	14.138176	0.035730	0.395694	133
3294.349745	17.242487	0.035727	0.482618	134
3295.391391	13.939355	0.035733	0.390094	135
3296.417883	10.778349	0.035726	0.301694	136
3297.463593	16.575808	0.035725	0.463982	137
3298.488354	14.385319	0.035731	0.402602	138
3299.535277	15.767887	0.035734	0.441260	139
3300.557768	15.854424	0.035727	0.443770	140
3301.605506	15.597751	0.035738	0.436449	141
3302.629476	15.494087	0.035724	0.433721	142
3303.675331	15.786583	0.035731	0.441820	143
3304.700984	15.622399	0.035728	0.437255	144
3305.745335	16.246986	0.035711	0.454954	145
3306.771108	16.020256	0.035726	0.448418	146
3307.816733	138.651306	0.035733	3.880212	147
3308.841798	15.673293	0.035725	0.438726	148
3309.888698	15.573987	0.035721	0.435994	149
3310.912647	15.292475	0.035723	0.428091	150
3311.959646	15.394056	0.035735	0.430788	151
3312.981865	15.994263	0.035726	0.447691	152
3314.033273	14.716093	0.035724	0.411938	153
3315.055396	15.508215	0.035730	0.434034	154
3316.097613	15.410875	0.035724	0.431385	155
3317.129252	16.657120	0.035730	0.466189	156
3318.166519	14.498302	0.035731	0.405767	157
3319.199883	17.515968	0.035729	0.490247	158
3320.235668	14.580123	0.035738	0.407968	159
3321.269765	16.688490	0.035731	0.467060	160
3322.309901	15.326081	0.035725	0.429001	161
3323.337079	15.856906	0.035730	0.443804	162
3324.383716	16.636120	0.035726	0.465662	163
3325.405788	16.809046	0.035728	0.470475	164
3326.453664	15.471670	0.035724	0.433084	165
3327.479584	16.749874	0.035724	0.468866	166
3328.519841	16.268318	0.035732	0.455291	167
3329.556130	16.625240	0.035731	0.465291	168
3330.590680	14.167044	0.035734	0.396460	169
3331.624773	11.408466	0.035730	0.319301	170
3332.663137	11.637679	0.035732	0.325695	171
3333.702212	14.308380	0.035726	0.400506	172
3334.737446	16.092033	0.035734	0.450334	173
3335.758918	16.408880	0.035727	0.459291	174
3336.810183	15.616559	0.035730	0.437071	175
3337.831361	15.902150	0.035721	0.445174	176
3338.877275	15.698302	0.035722	0.439463	177
3339.905114	11.568591	0.035726	0.323812	178
3340.945600	16.179298	0.035721	0.452929	179
3341.977244	17.063339	0.035725	0.477633	180
3343.015440	15.727014	0.035728	0.440191	181
3344.050555	16.717899	0.035727	0.467936	182
3345.085306	15.607416	0.035731	0.436801	183
3346.120320	17.020201	0.035731	0.476337	184
3347.157067	14.342948	0.035725	0.401484	185
3348.193167	17.011065	0.035728	0.476129	186
3349.226740	10.396213	0.035731	0.290959	187
3350.263534	13.592296	0.035725	0.380475	188
3351.304088	13.474027	0.035721	0.377197	189
3352.334092	17.258123	0.035727	0.483058	190
3353.367167	14.657664	0.035730	0.410239	191
3354.405886	16.438332	0.035735	0.460006	192
3355.437365	15.395207	0.035728	0.430905	193
3356.475098	18.018175	0.035726	0.504348	194
3357.510677	15.206639	0.035737	0.425520	195
3358.545564	17.451920	0.035726	0.488495	196
3359.582630	15.410239	0.035731	0.431288	197
3360.612683	17.139204	0.035723	0.479775	198
