time (s)	energy (uJ)	charge (mC)	voltage (mV)	crossing#mod 255
3580.899345	71.626198	0.016720	4.283910	184
3581.935162	75.723129	0.016736	4.524525	185
3582.981649	70.828590	0.016727	4.234484	186
3584.018914	68.366493	0.016741	4.083657	187
3585.062930	71.561279	0.016707	4.283203	188
3586.100051	73.484970	0.016704	4.399218	189
3587.142276	66.748360	0.016713	3.993717	190
3588.185167	69.699448	0.016715	4.169903	191
3589.224965	69.107201	0.016688	4.141236	192
3590.265844	67.524605	0.016719	4.038674	193
3591.302808	72.260262	0.016731	4.318905	194
3592.345726	65.643150	0.016736	3.922187	195
3593.384444	70.352867	0.016738	4.203275	196
3594.427831	65.778442	0.016713	3.935817	197
3595.464703	67.261238	0.016718	4.023367	198
3596.505211	64.178528	0.016735	3.834881	199
3597.544793	66.113831	0.016716	3.955234	200
3598.586456	65.325745	0.016702	3.911333	201
3599.625379	66.054214	0.016717	3.951402	202
3600.665146	63.442566	0.016716	3.795334	203
3601.708118	65.821533	0.016707	3.939694	204
3602.743233	61.375217	0.016736	3.667327	205
3603.789003	62.848328	0.016716	3.759729	206
3604.823114	62.214294	0.016739	3.716675	207
3605.868129	62.653706	0.016714	3.748678	208
3606.902965	61.251923	0.016721	3.663083	209
3607.947658	60.109402	0.016721	3.594792	210
3608.983888	58.149475	0.016734	3.474849	211
3610.027682	59.173328	0.016683	3.546988	212
3611.042510	74.977867	0.016712	4.486373	213
3612.105771	54.541447	0.016713	3.263478	214
3613.142611	58.975533	0.016702	3.531114	215
3614.180864	57.658562	0.016739	3.444463	216
3615.224778	54.182915	0.016702	3.244139	217
3616.257383	58.937824	0.016731	3.522638	218
3617.306376	51.538864	0.016729	3.080814	219
3618.334396	57.596352	0.016719	3.444993	220
3619.385707	52.024197	0.016736	3.108433	221
3620.413970	55.346336	0.016687	3.316710	222
3621.465088	50.092106	0.016716	2.996629	223
3622.489689	53.192760	0.016711	3.183090	224
3623.543779	51.454918	0.016695	3.082086	225
3624.568519	52.577023	0.016707	3.147072	226
3625.622786	49.586765	0.016695	2.970124	227
3626.647378	51.833084	0.016715	3.100915	228
3627.700863	50.144264	0.016714	3.000054	229
3628.722770	53.563595	0.016718	3.204024	230
3629.778929	47.876274	0.016698	2.867260	231
3630.802846	52.543819	0.016712	3.144163	232
3631.858480	47.482792	0.016718	2.840167	233
3632.879735	50.965950	0.016710	3.050059	234
3633.934384	46.770458	0.016717	2.797745	235
3634.957855	48.467133	0.016690	2.903901	236
3636.013551	46.892845	0.016706	2.806902	237
3637.037093	48.535812	0.016695	2.907241	238
3638.091038	44.630211	0.016719	2.669410	239
3639.115582	46.855347	0.016735	2.799760	240
3640.169302	45.485466	0.016725	2.719604	241
3641.191600	48.167809	0.016714	2.881802	242
3642.248243	42.372440	0.016742	2.530833	243
3643.271248	45.458595	0.016719	2.719009	244
3644.324119	44.546108	0.016690	2.669053	245
3645.348961	45.996899	0.016686	2.756565	246
3646.401187	40.861809	0.016742	2.440639	247
3647.427891	44.459106	0.016720	2.658962	248
3648.478744	42.709732	0.016717	2.554924	249
3649.505525	44.228668	0.016730	2.643738	250
3650.555520	41.410645	0.016769	2.469526	251
3651.585247	42.569183	0.016708	2.547838	252
3652.631556	41.153713	0.016725	2.460664	253
3653.662972	43.061821	0.016696	2.579143	254
3654.706877	40.212051	0.016731	2.403510	255
3655.743570	43.113007	0.016723	2.578118	0
3656.781049	39.293068	0.016741	2.347130	1
3657.823001	41.496094	0.016740	2.478920	2
3658.857992	39.540199	0.016711	2.366094	3
3659.900702	39.899017	0.016714	2.387119	4
3660.935220	38.201286	0.016713	2.285704	5
3661.978640	39.933960	0.016713	2.389427	6
3663.012309	38.390182	0.016737	2.293668	7
3664.055544	40.886124	0.016731	2.443681	8
3665.090445	36.292542	0.016735	2.168643	9
3666.133002	38.891247	0.016724	2.325509	10
3667.167345	37.881065	0.016718	2.265899	11
3668.207511	40.095764	0.016748	2.394131	12
3669.244337	35.884174	0.016715	2.146876	13
3670.287255	38.116219	0.016717	2.280113	14
3671.322520	33.929035	0.016705	2.031018	15
3672.362291	36.406170	0.016714	2.178178	16
3673.400497	35.142746	0.016729	2.100757	17
3674.416919	53.424614	0.016723	3.194596	18
3675.476435	35.230690	0.016712	2.108090	19
3676.517345	37.458111	0.016722	2.240012	20
3677.552678	34.489918	0.016720	2.062807	21
3678.594496	36.671024	0.016689	2.197326	22
3679.630786	33.941933	0.016709	2.031311	23
3680.672486	36.722721	0.016698	2.199211	24
3681.775213	10.077844	0.016700	0.603459	25
3682.749233	34.777302	0.016747	2.076616	26
3683.786971	32.488983	0.016715	1.943734	27
3684.827126	36.120270	0.016744	2.157155	28
3685.862108	30.945162	0.016714	1.851420	29
3686.903226	34.629589	0.016709	2.072556	30
3687.939242	32.095325	0.016734	1.917987	31
3688.979470	34.586037	0.016737	2.066441	32
3690.017650	32.411968	0.016712	1.939440	33
3691.056987	33.355247	0.016712	1.995832	34
3692.095182	32.256409	0.016717	1.929552	35
3693.131618	33.761688	0.016709	2.020552	36
3694.174010	31.199005	0.016741	1.863594	37
3695.207465	48.570610	0.016743	2.900924	38
3696.251574	31.680462	0.016743	1.892195	39
3698.834793	-805.632996	0.016713	-48.203171	40
3698.834793	1090.275391	0.016713	65.234085	41
3699.359258	32.757061	0.016720	1.959108	42
3700.408594	30.789557	0.016723	1.841184	43
3701.434520	31.670387	0.016711	1.895145	44
3702.487018	33.079891	0.016713	1.979317	45
3703.511268	29.839676	0.016743	1.782220	46
3704.563834	29.610926	0.016741	1.768773	47
3705.587369	31.994024	0.016733	1.912040	48
3706.640714	29.994333	0.016719	1.794050	49
3707.664348	32.195496	0.016744	1.922775	50
3708.718031	28.799053	0.016717	1.722729	51
3709.739486	30.705179	0.016709	1.837591	52
3710.793933	29.384157	0.016723	1.757121	53
3711.817792	31.720289	0.016711	1.898123	54
3712.870761	29.740177	0.016741	1.776495	55
3713.886950	34.187656	0.016734	2.043034	56
3714.947481	29.799171	0.016698	1.784583	57
3715.971032	30.993481	0.016744	1.851074	58
3717.023859	26.792469	0.016729	1.601545	59
3718.048415	29.927895	0.016715	1.790517	60
3719.101541	28.149286	0.016739	1.681621	61
