time (s)	energy (uJ)	charge (mC)	voltage (mV)	crossing#mod 255
3947.451059	263.397614	0.035718	7.374385	225
3948.476782	270.429260	0.035729	7.568861	226
3949.521668	263.673523	0.035731	7.379411	227
3950.548594	264.946564	0.035722	7.416831	228
3951.593054	277.298492	0.035725	7.762076	229
3952.621634	278.099243	0.035730	7.783258	230
3953.662891	279.717590	0.035731	7.828382	231
3954.695908	282.941956	0.035736	7.917503	232
3955.733313	291.484528	0.035725	8.159100	233
3956.769492	294.422852	0.035734	8.239310	234
3957.803473	288.074371	0.035729	8.062737	235
3958.843001	304.681000	0.035728	8.527884	236
3959.877195	304.895477	0.035734	8.532328	237
3960.912638	302.872131	0.035731	8.476409	238
3961.949933	311.403046	0.035728	8.715897	239
3962.983030	421.533234	0.035725	11.799506	240
3964.023988	359.187134	0.035719	10.055871	241
3965.054540	322.692841	0.035728	9.031894	242
3966.096677	319.256989	0.035725	8.936472	243
3967.125026	320.315216	0.035726	8.965940	244
3968.168940	318.381409	0.035729	8.910933	245
3969.197865	333.370422	0.035727	9.331159	246
3970.240809	322.453430	0.035723	9.026415	247
3971.346054	148.878281	0.035718	4.168152	248
3972.313340	332.450012	0.035729	9.304715	249
3973.339554	413.773804	0.035724	11.582405	250
3974.385118	387.891296	0.035726	10.857487	251
3975.412152	338.771820	0.035722	9.483605	252
3976.457707	338.806488	0.035728	9.482839	253
3977.483712	433.427612	0.035724	12.132629	254
3978.529738	345.325012	0.035721	9.667377	255
3979.555220	330.793579	0.035722	9.260340	0
3980.601361	342.331482	0.035723	9.582935	1
3981.628845	456.614868	0.035728	12.780468	2
3982.673251	363.339874	0.035732	10.168343	3
3983.701629	363.928528	0.035734	10.184470	4
3984.745207	467.105957	0.035724	13.075497	5
3985.773457	361.367615	0.035724	10.115423	6
3986.818187	370.859802	0.035725	10.381002	7
3987.846845	451.947784	0.035729	12.649187	8
3988.888472	374.159393	0.035731	10.471685	9
3989.919856	374.193237	0.035725	10.474145	10
3990.961140	380.556702	0.035731	10.650697	11
3991.992939	380.949554	0.035722	10.664251	12
3993.032478	382.419403	0.035724	10.704797	13
3994.066755	391.991608	0.035729	10.971217	14
3995.103723	390.648590	0.035724	10.935041	15
3996.139335	374.724884	0.035720	10.490591	16
3997.174776	391.719818	0.035721	10.966189	17
3998.211078	392.060425	0.035723	10.974956	18
3999.248317	504.257324	0.035730	14.113163	19
4000.283002	384.988037	0.035724	10.776730	20
4001.322396	392.497467	0.035731	10.984738	21
4002.355997	398.328186	0.035726	11.149404	22
4003.394742	402.699982	0.035731	11.270366	23
4004.428195	407.274078	0.035734	11.397293	24
4005.467516	413.964264	0.035729	11.586297	25
4006.499085	408.365692	0.035733	11.428371	26
4007.541234	598.599243	0.035724	16.756012	27
4008.570257	417.341248	0.035726	11.681770	28
4009.614788	411.294495	0.035728	11.511890	29
4010.643252	416.954926	0.035733	11.668760	30
4011.687057	479.717407	0.035733	13.425216	31
4012.715961	416.453125	0.035733	11.654706	32
4013.774409	338.575562	0.035714	9.480187	33
4014.788085	483.194458	0.035727	13.524754	34
4015.832547	409.902374	0.035728	11.472810	35
4016.860871	414.636597	0.035734	11.603415	36
4017.905507	407.189636	0.035735	11.394703	37
4018.932634	412.530792	0.035725	11.547457	38
4020.023551	139.497910	0.035718	3.905489	39
4021.004754	411.436096	0.035726	11.516512	40
4022.049784	402.160370	0.035730	11.255647	41
4023.078630	410.918671	0.035733	11.499723	42
4024.122576	403.583160	0.035722	11.297908	43
4025.150942	406.226501	0.035723	11.371457	44
4026.194716	398.415405	0.035730	11.150600	45
4027.224846	399.936340	0.035722	11.195891	46
4028.266953	393.994476	0.035728	11.027677	47
4029.298022	396.087738	0.035724	11.087585	48
4030.341389	477.834900	0.035736	13.371299	49
4031.370680	398.885315	0.035723	11.165948	50
4032.414014	389.637817	0.035735	10.903437	51
4033.444509	400.499420	0.035760	11.199759	52
4034.491318	477.796570	0.035722	13.375302	53
4035.517345	396.915253	0.035728	11.109336	54
4036.557537	387.363068	0.035724	10.843148	55
4037.590850	396.178650	0.035725	11.089760	56
4038.629184	387.333130	0.035724	10.842259	57
4039.665703	381.689972	0.035728	10.683252	58
4040.702804	383.697235	0.035727	10.739664	59
4041.740193	383.221649	0.035730	10.725480	60
4042.775622	381.027924	0.035720	10.667185	61
4043.811019	386.864746	0.035724	10.829320	62
4044.849773	477.831696	0.035732	13.372499	63
4045.884237	379.186310	0.035725	10.613982	64
4046.922221	380.390076	0.035735	10.644872	65
4047.957955	379.403870	0.035732	10.617912	66
4048.996509	375.165588	0.035731	10.499614	67
4050.029148	382.121399	0.035728	10.695377	68
4051.068943	381.223511	0.035728	10.670073	69
4052.102633	381.561371	0.035733	10.678083	70
4053.143951	370.552002	0.035728	10.371605	71
4054.176414	370.303802	0.035727	10.364876	72
4055.216531	380.109528	0.035724	10.640142	73
4056.249687	477.835602	0.035732	13.372684	74
4057.290062	477.895325	0.035729	13.375502	75
4058.320885	378.634949	0.035726	10.598200	76
4059.362450	375.878326	0.035723	10.522020	77
4060.394480	377.768066	0.035730	10.572843	78
4061.436591	363.044647	0.035725	10.162243	79
4062.468562	373.627808	0.035725	10.458364	80
4063.510086	362.963898	0.035733	10.157543	81
4064.543354	364.931427	0.035735	10.212218	82
4065.583075	477.583405	0.035713	13.372703	83
4066.636515	236.787735	0.035730	6.627183	84
4067.656277	371.819641	0.035724	10.408161	85
4068.690966	477.715759	0.035732	13.369448	86
4069.729673	354.161499	0.035723	9.914023	87
4070.764117	366.676544	0.035731	10.262078	88
4071.802439	350.929871	0.035722	9.824017	89
4072.838001	477.731903	0.035730	13.370616	90
4073.875731	358.427063	0.035730	10.031549	91
4074.910471	354.429260	0.035729	9.919993	92
4075.948364	477.883270	0.035728	13.375450	93
4076.984830	363.785614	0.035726	10.182661	94
4078.022182	361.879913	0.035726	10.129361	95
4079.059302	353.018646	0.035727	9.880995	96
4080.096258	350.843231	0.035725	9.820578	97
4081.132956	357.045227	0.035725	9.994393	98
4082.170549	347.385681	0.035725	9.724007	99
4083.205944	361.983124	0.035731	10.130802	100
4084.244059	349.483948	0.035726	9.782462	101
4085.278491	349.906219	0.035722	9.795306	102
4086.317840	358.515442	0.035725	10.035410	103
4087.354319	342.874939	0.035730	9.596387	104
4088.392125	347.661743	0.035722	9.732463	105
4089.425157	364.089142	0.035736	10.188376	106
4090.468607	337.142639	0.035727	9.436602	107
4091.498623	354.456085	0.035732	9.919912	108
4092.541717	343.059540	0.035731	9.601227	109
4093.571684	359.658630	0.035725	10.067440	110
4094.613942	346.421112	0.035729	9.695704	111
