num crossings	time (s)	maj axis (mm)	min axis (mm)	theta (rad )	slope (V/s)
849	2253.141409	44.631243	0.331932	-1.347045	1.502363
851	2255.209427	48.009233	-3.275152	-1.297404	2.040953
853	2257.284636	48.219640	-2.202760	-1.309018	1.573787
855	2259.367569	51.258490	-0.731817	-1.332360	1.306441
857	2261.440354	51.857927	-2.227875	-1.311353	1.489265
859	2263.503415	45.995165	-2.702695	-1.304888	1.039727
861	2265.592473	53.411375	-0.977848	-1.334572	1.058796
863	2267.656088	50.927791	-2.102795	-1.318572	1.071008
865	2269.728422	54.213930	-1.848368	-1.328422	1.371381
867	2271.792761	49.007528	-0.993710	-1.339508	1.254708
869	2273.855487	45.906018	-0.605372	-1.335741	1.343294
871	2275.917444	45.374625	-1.845468	-1.312761	1.260783
873	2277.985468	45.176718	-1.803940	-1.310591	1.752125
875	2280.063071	45.892606	-0.460323	-1.333471	1.954918
877	2282.143425	46.044109	-1.309096	-1.339004	1.126893
879	2284.215444	50.724906	1.006896	-1.371638	1.255619
881	2286.263483	42.883866	0.514892	-1.358869	1.160492
883	2288.329456	43.414286	-1.731399	-1.314008	1.493297
885	2290.409786	39.714826	-0.786071	-1.326090	1.758954
887	2292.486889	46.761535	1.437870	-1.374321	1.023032
889	2294.565447	48.366057	1.456211	-1.380337	1.098361
891	2296.639284	49.980948	0.681731	-1.364342	1.003771
893	2298.691709	0.797960	-52.938729	0.208491	1.118491
895	2300.755424	1.026471	-51.571843	0.201088	1.515536
897	2302.831570	1.361619	-50.747001	0.197470	1.707969
899	2304.904826	1.037004	-49.482329	0.204345	1.485736
901	2306.971409	0.052085	-50.530828	0.215174	0.833203
903	2309.037459	1.348748	-52.500680	0.203456	0.964058
905	2311.115315	1.303575	-50.646912	0.202282	0.883515
907	2313.181445	0.000000	-50.919594	0.219251	1.254849
909	2315.262617	0.000000	-50.033050	0.218465	1.087872
911	2317.327430	0.112005	-52.245756	0.219650	1.185043
913	2319.391507	0.025820	-53.129190	0.219405	1.804894
915	2321.453435	0.234366	-54.822606	0.217750	1.237288
917	2323.542864	0.000000	-50.805587	0.218928	1.360928
919	2325.613418	0.299781	-51.020392	0.212638	0.720078
921	2327.693484	0.375716	-48.009057	0.207272	1.419107
923	2329.760845	0.527161	-47.869429	0.203614	1.183379
925	2331.823549	1.005284	-50.580981	0.206580	0.873214
927	2333.889368	0.000000	51.142215	-2.916965	0.832243
929	2335.919387	0.907810	63.271150	-2.917931	1.904339
931	2338.025455	0.610770	52.237000	-2.915657	1.309421
933	2340.107432	0.631460	51.494496	-2.917007	1.004213
935	2342.183845	0.000000	49.205979	-2.927318	1.167550
937	2344.265327	0.242088	46.112846	-2.925537	0.796974
939	2346.313361	0.099847	53.472586	-2.929039	0.699764
941	2348.385454	0.000000	51.616264	-2.925707	0.696009
943	2350.455431	0.185117	51.190161	-2.921754	0.710667
945	2352.526259	0.000000	51.537439	-2.922470	0.451466
947	2354.591402	0.810310	52.402159	-2.910994	1.011695
949	2356.664840	1.170075	51.275583	-2.907170	1.029927
951	2358.735781	0.574868	52.209485	-2.914617	1.089695
953	2360.807463	1.687236	52.406137	-2.904753	1.309407
955	2362.881277	1.787039	52.424300	-2.906356	0.699352
957	2364.965225	2.690575	49.934565	-2.889112	0.875776
959	2367.032776	1.821134	48.869839	-2.899447	0.911973
961	2369.100167	1.977073	50.874663	-2.892866	0.822663
963	2371.159486	1.113468	53.515960	-2.906826	0.785559
965	2373.216870	0.935413	56.702452	-2.909976	1.075837
967	2375.283395	0.164907	58.400609	-2.918243	1.175192
969	2377.357383	0.397865	56.461404	-2.913932	1.216816
971	2379.437868	1.739497	53.844971	-2.897738	1.409245
973	2381.499403	1.209749	53.539176	-2.910625	0.809543
975	2383.589360	2.556455	50.296883	-2.889924	0.818793
977	2385.657370	2.057220	51.648430	-2.894380	0.640462
979	2387.727447	1.742529	51.696768	-2.895085	0.951264
981	2389.797412	2.069402	52.896548	-2.889634	0.775140
983	2391.856941	1.553238	56.368327	-2.898512	0.692847
985	2393.921454	1.510625	56.891998	-2.900766	1.230927
987	2395.977391	1.659406	60.946708	-2.903411	1.093403
989	2398.055482	1.941310	59.297395	-2.894830	0.823871
991	2400.117548	1.401369	58.224361	-2.908947	0.818553
993	2402.206550	1.933117	56.537719	-2.893097	0.601111
995	2404.276795	2.300783	56.533452	-2.887888	0.985495
997	2406.350556	1.961031	55.225729	-2.893146	0.836058
999	2408.417415	2.293091	56.224467	-2.888559	0.890877
1001	2410.507562	1.472999	50.767321	-2.897473	0.341357
1003	2412.579408	2.242520	52.341918	-2.888190	0.810419
1005	2414.652816	2.826957	53.127240	-2.885116	0.625987
1007	2416.703437	1.868763	55.192120	-2.897715	0.749506
1009	2418.771427	2.503995	55.405270	-2.885234	0.960825
1011	2420.825491	2.178753	61.069602	-2.890111	0.805554
1013	2422.897398	2.255059	59.787478	-2.888751	0.889986
1015	2424.885410	1.638545	80.163300	-2.926223	0.981603
1017	2427.043619	2.427190	59.011888	-2.888435	1.152512
1019	2429.105399	1.904221	61.621100	-2.895757	0.717611
1021	2431.193413	2.945056	56.294699	-2.878778	0.761948
1023	2433.269418	2.412850	56.449578	-2.884951	0.727349
1025	2435.341450	2.376776	55.977210	-2.885565	0.505073
1027	2437.420907	3.065522	53.326826	-2.877093	0.712628
1029	2439.488589	3.144730	53.832811	-2.874783	0.380477
1031	2441.543470	2.893787	58.036962	-2.885605	0.519073
1033	2443.636723	3.009934	53.352525	-2.877900	0.672160
1035	2445.691408	3.359388	56.557788	-2.869108	0.648981
1037	2447.757497	3.132176	57.756271	-2.876279	0.623274
1039	2449.841970	3.398430	54.025451	-2.864502	0.644656
1041	2451.893401	3.028547	57.917274	-2.877756	0.693676
1043	2453.963419	2.919340	57.836469	-2.875497	0.796170
1045	2456.017386	2.435231	62.953236	-2.889542	0.699625
1047	2458.085473	2.116248	62.275609	-2.890777	0.918729
1049	2460.133506	2.124417	67.568192	-2.893433	1.182798
1051	2462.235760	2.770545	59.480406	-2.882704	1.164664
1053	2464.301450	2.925261	59.930797	-2.875530	0.743865
1055	2466.385296	3.029907	60.131615	-2.875535	0.395925
1057	2468.454311	2.888804	58.490205	-2.881245	0.699884
1059	2470.537470	4.173327	55.167892	-2.860200	0.671276
1061	2472.614523	3.865375	54.358326	-2.862080	0.623392
1063	2474.686512	4.458484	53.925379	-2.849898	0.265593
1065	2476.751993	3.261606	55.530546	-2.868586	0.274672
1067	2478.815404	3.741654	57.722760	-2.863457	0.659713
1069	2480.883459	3.131910	58.104812	-2.873301	0.604797
1071	2482.949110	3.072594	58.604924	-2.870497	0.834218
1073	2485.018210	3.611061	58.571812	-2.869003	0.585226
1075	2487.089456	3.500629	58.762535	-2.865680	0.694288
1077	2489.169400	3.336276	57.181409	-2.865459	0.820257
1079	2491.242911	3.754465	55.815725	-2.855768	0.782726
1081	2493.311851	3.055543	56.587344	-2.866483	0.276014
1083	2495.379449	3.887912	57.225759	-2.858274	0.616777
1085	2497.452329	3.521060	57.209835	-2.864988	0.402959
1087	2499.511522	3.684776	58.648033	-2.864385	0.319886
1089	2501.588649	3.310767	57.590427	-2.865821	0.102295
1091	2503.637296	3.003281	62.026398	-2.874332	0.371695
1093	2505.695493	3.070201	64.891080	-2.879468	0.408310
1095	2507.727409	2.309171	73.019579	-2.898120	0.578292
1097	2509.819415	2.565957	68.322794	-2.888804	0.419687
1099	2511.919059	3.786195	61.800839	-2.865935	1.097239
1101	2513.949406	3.150545	71.430147	-2.890163	0.728800
1103	2515.969402	2.232255	77.956959	-2.914276	0.831361
1105	2517.743457	4.793581	61.106418	-2.997626	0.724237
1107	2520.175513	3.159844	68.018075	-2.879175	0.327389
1109	2522.265415	3.365127	63.558655	-2.868826	0.403159
1111	2524.341544	3.425959	62.296737	-2.866497	0.391591
1113	2526.395425	3.438162	64.102035	-2.869799	0.489378
1115	2528.465482	2.966720	66.600083	-2.877093	0.176383
1117	2530.155356	5.539164	57.655147	3.272136	0.562911
1119	2532.609432	3.427148	65.577870	3.411108	0.422144
1121	2534.691482	3.494236	63.404022	3.414374	0.420352
1123	2536.741342	3.363910	66.665392	3.409393	0.351617
1125	2538.820773	3.257073	65.936415	-2.872230	0.361193
1127	2540.527464	4.680458	62.648144	3.294909	0.565702
1129	2542.923477	2.781140	73.109034	3.388621	0.670175
1131	2544.677461	4.176291	65.244622	3.300520	0.488558
1133	2547.091270	2.940588	67.641024	3.403625	0.821934
1135	2549.093438	2.120469	78.662376	-2.910595	0.848316
1137	2551.209425	2.820116	71.821838	-2.888339	0.626867
1139	2553.273483	2.810859	72.166396	-2.886842	0.667255
1141	2555.017457	5.293444	60.130545	-2.994956	0.452658
1143	2557.459306	4.284774	64.825095	-2.861672	0.250679
1145	2559.537433	3.664443	61.383963	-2.860848	0.081842
1147	2561.607434	4.105031	62.373004	-2.860055	0.058625
1149	2563.661477	6.480933	56.419382	-2.850779	0.293137
1151	2565.735507	0.490607	68.363238	-2.892617	0.660530
1153	2567.777405	3.184112	68.537177	-2.886021	0.216942
1155	2569.889422	4.065945	62.209900	-2.852663	0.294603
1157	2571.967416	4.421380	60.773292	-2.847603	0.276862
1159	2574.013454	3.708710	65.141689	-2.863674	0.329110
1161	2576.107446	4.508914	58.662037	-2.842095	0.454748
1163	2578.177405	4.156137	60.951888	-2.849947	0.016708
1165	2580.255914	4.554870	59.836790	-2.843752	0.220109
1167	2582.299478	3.753565	60.624640	-2.858000	0.121873
1169	2584.382577	4.097641	60.938890	-2.853366	0.161163
1171	2586.429440	3.646086	65.046517	-2.865941	0.123133
1173	2588.485408	5.536092	60.302265	-2.860727	0.111719
1175	2590.563468	3.736468	68.999805	-2.867312	0.894084
1177	2592.623326	0.815154	70.566516	-2.882541	0.615178
1179	2594.649404	2.727792	76.631190	-2.901600	0.057090
1181	2596.743409	3.071223	72.596122	-2.882478	0.282675
1183	2598.511549	5.219927	63.531380	-2.984570	0.404942
1185	2600.885374	3.156730	72.907206	-2.884955	0.551284
1187	2602.933432	2.701752	75.978352	-2.900608	0.520146
1189	2605.005381	3.036875	75.684603	-2.896870	0.376834
1191	2607.051401	2.783585	78.500242	-2.913984	0.209954
1193	2608.878950	4.955164	66.001504	3.302006	0.325098
1195	2610.953496	4.619932	65.979882	3.307932	0.570874
1197	2613.019855	5.037735	65.655447	3.303441	0.431245
1199	2615.362006	3.041172	74.418925	3.393371	0.453158
1201	2617.167396	4.588674	66.782198	3.308264	0.228009
1203	2619.217419	5.525630	61.288468	3.293813	0.556279
1205	2621.293472	5.034700	64.751167	3.303132	0.070012
1207	2623.371000	5.367009	63.787846	3.299687	0.219689
1209	2625.443597	5.030068	64.519832	3.308215	0.181964
1211	2627.515724	3.017794	46.577856	3.323161	0.197044
1211	2627.515724	3.340182	46.452244	3.320226	25.832631
1213	2645.237295	0.521442	-4.377860	3.401304	25.832631
1229	2663.251625	2.322286	60.821711	0.171657	0.135963
1231	2665.655419	1.146629	71.293798	0.208599	0.020885
1233	2667.713426	0.988864	71.171942	0.207091	0.237804
1235	2669.821047	1.079161	65.095118	0.220124	0.322544
