crossing time (s)	slope (V/s)	crossing number
281474976710655.000000	26.846737	2375	2678765312.000000
281474976710655.000000	27.330307	2376	2679796224.000000
281474976710655.000000	42.009205	2377	2680834304.000000
281474976710655.000000	26.799494	2378	2681869312.000000
281474976710655.000000	27.885975	2379	2682906624.000000
281474976710655.000000	19.254879	2380	2683939840.000000
281474976710655.000000	31.345644	2381	2684979200.000000
281474976710655.000000	29.334728	2382	2686010112.000000
281474976710655.000000	28.076584	2383	2687051776.000000
281474976710655.000000	29.313389	2384	2688080128.000000
281474976710655.000000	29.419466	2385	2689125376.000000
281474976710655.000000	32.200943	2386	2690150912.000000
281474976710655.000000	30.961813	2387	2691197440.000000
281474976710655.000000	30.851616	2388	2692222976.000000
281474976710655.000000	31.932871	2389	2693268736.000000
281474976710655.000000	24.253866	2390	2694295040.000000
281474976710655.000000	31.192406	2391	2695340032.000000
281474976710655.000000	31.822989	2392	2696367616.000000
281474976710655.000000	32.425602	2393	2697411328.000000
281474976710655.000000	33.068665	2394	2698439936.000000
281474976710655.000000	33.787132	2395	2699482880.000000
281474976710655.000000	33.160397	2396	2700512000.000000
281474976710655.000000	33.247108	2397	2701554688.000000
281474976710655.000000	34.064175	2398	2702583808.000000
281474976710655.000000	34.740265	2399	2703627008.000000
281474976710655.000000	35.352127	2400	2704655104.000000
281474976710655.000000	35.467525	2401	2705699072.000000
281474976710655.000000	35.610622	2402	2706726656.000000
281474976710655.000000	36.383213	2403	2707771648.000000
281474976710655.000000	37.168037	2404	2708798208.000000
281474976710655.000000	36.762165	2405	2709843200.000000
281474976710655.000000	36.559811	2406	2710870272.000000
281474976710655.000000	37.103653	2407	2711914752.000000
281474976710655.000000	36.903141	2408	2712943360.000000
281474976710655.000000	37.257874	2409	2713985024.000000
281474976710655.000000	38.229584	2410	2715017472.000000
281474976710655.000000	Inf	2411	2716055296.000000
281474976710655.000000	39.031799	2412	2717090816.000000
281474976710655.000000	19.675158	2413	2718126336.000000
281474976710655.000000	20.219429	2414	2719163392.000000
281474976710655.000000	26.724638	2415	2720198144.000000
281474976710655.000000	26.302635	2416	2721234688.000000
281474976710655.000000	Inf	2417	2722271744.000000
281474976710655.000000	41.699108	2418	2723305216.000000
281474976710655.000000	41.756390	2419	2724345600.000000
281474976710655.000000	42.904018	2420	2725376000.000000
281474976710655.000000	42.572750	2421	2726418688.000000
281474976710655.000000	43.505013	2422	2727447296.000000
281474976710655.000000	42.132011	2423	2728490496.000000
281474976710655.000000	43.727459	2424	2729519872.000000
281474976710655.000000	43.678368	2425	2730562048.000000
281474976710655.000000	44.050598	2426	2731593216.000000
281474976710655.000000	Inf	2427	2732633088.000000
281474976710655.000000	42.806923	2428	2733666560.000000
281474976710655.000000	23.293184	2429	2734704384.000000
281474976710655.000000	22.963549	2430	2735739904.000000
281474976710655.000000	46.686604	2431	2736775936.000000
281474976710655.000000	23.513988	2432	2737812224.000000
281474976710655.000000	47.810680	2433	2738847744.000000
281474976710655.000000	22.946817	2434	2739884800.000000
281474976710655.000000	48.637566	2435	2740920064.000000
281474976710655.000000	Inf	2436	2741956864.000000
281474976710655.000000	49.186207	2437	2742992128.000000
281474976710655.000000	49.098362	2438	2744029440.000000
281474976710655.000000	48.369297	2439	2745064704.000000
281474976710655.000000	Inf	2440	2746101760.000000
281474976710655.000000	24.577003	2441	2747137024.000000
281474976710655.000000	25.537550	2442	2748173824.000000
281474976710655.000000	51.175831	2443	2749209600.000000
281474976710655.000000	Inf	2444	2750245632.000000
281474976710655.000000	Inf	2445	2751282688.000000
281474976710655.000000	Inf	2446	2752317696.000000
281474976710655.000000	52.792793	2447	2753355776.000000
281474976710655.000000	25.748014	2448	2754389248.000000
281474976710655.000000	53.199223	2449	2755428352.000000
281474976710655.000000	52.750256	2450	2756461824.000000
281474976710655.000000	Inf	2451	2757501952.000000
281474976710655.000000	54.387760	2452	2758532352.000000
281474976710655.000000	Inf	2453	2759575040.000000
281474976710655.000000	53.857800	2454	2760604928.000000
281474976710655.000000	56.312286	2455	2761647616.000000
281474976710655.000000	56.278469	2456	2762677760.000000
281474976710655.000000	27.844963	2457	2763719680.000000
281474976710655.000000	56.342129	2458	2764751360.000000
281474976710655.000000	57.700039	2459	2765790464.000000
281474976710655.000000	Inf	2460	2766825216.000000
281474976710655.000000	57.359634	2461	2767862272.000000
281474976710655.000000	Inf	2462	2768898560.000000
281474976710655.000000	59.438984	2463	2769934592.000000
281474976710655.000000	29.117702	2464	2770971392.000000
281474976710655.000000	58.526638	2465	2772007680.000000
281474976710655.000000	Inf	2466	2773043456.000000
281474976710655.000000	Inf	2467	2774081024.000000
281474976710655.000000	Inf	2468	2775115264.000000
281474976710655.000000	30.360359	2469	2776154624.000000
281474976710655.000000	Inf	2470	2777187072.000000
281474976710655.000000	61.679447	2471	2778227968.000000
281474976710655.000000	Inf	2472	2779259136.000000
281474976710655.000000	Inf	2473	2780301312.000000
281474976710655.000000	Inf	2474	2781331712.000000
281474976710655.000000	Inf	2475	2782374400.000000
281474976710655.000000	63.114605	2476	2783404288.000000
281474976710655.000000	Inf	2477	2784447232.000000
281474976710655.000000	Inf	2478	2785477120.000000
281474976710655.000000	Inf	2479	2786520064.000000
281474976710655.000000	65.291405	2480	2787549952.000000
281474976710655.000000	Inf	2481	2788593152.000000
281474976710655.000000	66.235252	2482	2789622784.000000
281474976710655.000000	Inf	2483	2790665728.000000
281474976710655.000000	Inf	2484	2791695872.000000
281474976710655.000000	Inf	2485	2792738304.000000
281474976710655.000000	Inf	2486	2793768960.000000
281474976710655.000000	Inf	2487	2794811136.000000
281474976710655.000000	Inf	2488	2795842304.000000
281474976710655.000000	Inf	2489	2796883712.000000
281474976710655.000000	Inf	2490	2797915904.000000
281474976710655.000000	Inf	2491	2798956032.000000
281474976710655.000000	Inf	2492	2799989504.000000
281474976710655.000000	68.374191	2493	2801028352.000000
281474976710655.000000	Inf	2494	2802063360.000000
281474976710655.000000	71.610199	2495	2803100928.000000
281474976710655.000000	70.749672	2496	2804136960.000000
281474976710655.000000	71.279526	2497	2805173248.000000
281474976710655.000000	Inf	2498	2806210048.000000
281474976710655.000000	Inf	2499	2807246336.000000
281474976710655.000000	Inf	2500	2808282624.000000
281474976710655.000000	Inf	2501	2809320192.000000
281474976710655.000000	36.701141	2502	2810354944.000000
281474976710655.000000	Inf	2503	2811394304.000000
281474976710655.000000	Inf	2504	2812427264.000000
281474976710655.000000	Inf	2505	2813468416.000000
281474976710655.000000	Inf	2506	2814499840.000000
